[cheerPose.jpg]
filters=finetune2=1,0.263158,0.109474,0.000000,00000000,1.000000;unsharp2=1,0.578947;Vignette=1,35.000000,1.400000,0.000000,00000000;
moddate=9d0afd31e768d101
width=306
height=466
textactive=0
